1.12 0.27 -0.08 -1.08
1.15 0.30 -0.05 -1.10
1.11 0.30 -0.07 -1.07
0.00 0.25 -0.10 -1.02
0.00 0.22 -0.06 -1.00
0.00 0.19 -0.07 -0.94
0.00 0.21 -0.06 -0.90
0.00 0.19 -0.01 -0.91
0.00 0.16 -0.03 -0.93
0.00 0.20 -0.04 -0.89
0.00 0.10 0.01 -0.82
0.00 0.18 -0.05 -0.73
0.00 0.13 -0.04 -0.86
0.00 0.13 -0.04 -0.92
0.00 0.17 -0.06 -0.89
0.00 0.23 -0.03 -1.05
1.10 0.33 -0.01 -1.06
0.00 0.31 -0.07 -1.03
1.11 0.26 -0.01 -1.08
1.18 0.23 -0.06 -1.16
1.22 0.20 -0.11 -1.20
1.15 0.24 -0.02 -1.12
1.13 0.29 0.03 -1.09
0.00 0.29 -0.15 -1.01
0.00 0.23 0.00 -0.82
0.00 0.29 -0.13 -0.95
0.00 0.13 -0.10 -0.91
0.00 0.13 -0.05 -0.78
0.00 0.10 0.00 -0.96
0.00 -0.03 -0.12 -0.93
0.00 0.11 0.05 -0.89
0.00 0.10 -0.09 -0.97
0.00 0.11 -0.02 -0.80
0.00 0.18 0.06 -1.00
1.13 0.14 0.07 -1.12
0.00 0.16 -0.11 -0.85
1.11 0.19 0.00 -1.09
1.32 0.16 0.09 -1.31
0.00 0.23 -0.03 -1.01
0.00 0.02 -0.02 -0.83
0.00 -0.00 -0.02 -0.88
0.00 0.12 -0.07 -0.85
0.00 0.13 -0.04 -0.76
0.00 0.07 0.03 -0.95
0.00 0.04 -0.01 -1.05
0.00 -0.04 0.02 -0.95
0.00 -0.07 -0.06 -1.01
0.00 0.01 0.01 -1.05
0.00 0.28 -0.03 -1.01
0.00 0.20 -0.06 -0.97
0.00 0.12 -0.09 -1.03
0.00 0.19 0.06 -1.02
0.00 0.07 -0.16 -0.77
0.00 0.29 -0.16 -1.03
1.14 0.01 0.05 -1.14
0.00 0.13 0.02 -0.75
0.00 -0.11 -0.08 -1.06
1.12 -0.01 -0.03 -1.12
0.00 0.18 -0.06 -0.82
0.00 0.08 -0.01 -0.91
0.00 0.16 0.04 -0.98
1.13 -0.07 -0.07 -1.13
0.00 0.09 -0.06 -0.99
0.00 0.04 0.05 -0.97
1.21 0.12 0.01 -1.20
0.00 0.21 -0.02 -0.96
0.00 -0.00 0.03 -0.90
0.00 0.10 -0.03 -1.05
0.00 0.00 -0.06 -1.00
0.00 0.14 -0.01 -0.88
0.00 0.12 -0.04 -0.95
0.00 0.05 0.00 -0.97
0.00 0.06 -0.00 -0.96
0.00 -0.03 -0.04 -0.98
0.00 0.04 -0.05 -0.90
0.00 0.02 0.01 -0.90
0.00 0.02 -0.03 -0.96
0.00 -0.00 -0.03 -0.86
0.00 -0.06 -0.00 -0.90
0.00 0.00 -0.02 -1.00
1.12 0.24 -0.07 -1.09
0.00 0.23 -0.05 -1.05
0.00 0.19 -0.05 -0.90
0.00 0.07 0.03 -1.05
1.12 -0.02 -0.03 -1.12
1.18 0.11 -0.03 -1.18
1.24 0.16 0.02 -1.23
1.12 0.24 0.09 -1.09
0.00 0.09 -0.00 -0.81
0.00 0.08 -0.05 -1.00
0.00 -0.05 0.03 -0.93
0.00 -0.13 -0.03 -1.03
0.00 -0.04 -0.07 -0.98
0.00 0.05 0.03 -0.82
0.00 0.00 -0.00 -0.92
0.00 -0.03 -0.00 -1.01
0.00 -0.09 -0.03 -0.97
0.00 0.00 0.06 -0.83
0.00 0.01 -0.04 -1.00
0.00 0.03 -0.01 -0.88
0.00 -0.01 0.03 -0.79
0.00 -0.04 -0.09 -0.95
0.00 -0.03 -0.04 -0.85
0.00 0.02 0.03 -0.93
1.23 0.15 -0.05 -1.22
1.19 0.22 -0.05 -1.17
1.24 0.28 -0.01 -1.21
1.45 0.22 -0.05 -1.44
1.49 0.25 0.00 -1.47
1.20 0.26 0.01 -1.17
0.00 0.22 -0.06 -0.74
0.00 0.10 -0.01 -0.63
0.00 -0.02 -0.12 -1.02
1.12 -0.01 0.04 -1.12
0.00 -0.08 -0.02 -0.71
0.00 0.07 0.01 -0.73
0.00 -0.05 0.05 -0.95
0.00 -0.05 -0.07 -1.07
0.00 0.01 0.12 -0.83
0.00 0.02 -0.06 -0.75
1.12 0.02 -0.06 -1.12
0.00 0.02 -0.02 -1.08
0.00 -0.09 0.08 -0.82
0.00 -0.07 -0.11 -0.68
0.00 -0.09 -0.04 -0.70
0.00 0.03 -0.05 -0.94
0.00 0.02 -0.00 -1.07
0.00 0.12 -0.05 -0.84
0.00 0.09 0.02 -1.05
1.37 0.21 -0.06 -1.35
1.34 0.40 0.03 -1.28
1.54 0.42 -0.14 -1.48
1.74 0.33 -0.00 -1.71
0.00 0.29 -0.01 -0.93
0.00 0.38 0.02 -0.32
0.00 -0.06 -0.17 -0.81
1.29 -0.19 0.14 -1.26
0.00 -0.18 0.15 -1.03
0.00 -0.09 -0.04 -0.50
0.00 -0.13 -0.06 -0.60
1.25 0.00 -0.15 -1.24
0.00 0.02 0.15 -0.83
0.00 0.02 -0.05 -0.68
1.31 0.05 0.10 -1.30
0.00 0.01 -0.10 -1.09
0.00 0.03 0.08 -0.62
0.00 0.04 -0.05 -0.99
1.20 -0.15 -0.01 -1.20
0.00 -0.12 -0.13 -0.33
0.00 -0.12 0.07 -0.50
0.00 0.01 -0.13 -0.92
1.29 -0.06 0.05 -1.29
0.00 0.14 -0.04 -1.03
0.00 0.25 0.03 -0.82
1.50 0.36 -0.08 -1.45
2.02 0.45 0.00 -1.97
1.54 0.34 -0.14 -1.50
1.16 0.23 -0.04 -1.14
0.00 0.31 -0.07 -0.98
0.00 0.35 0.01 -0.55
0.00 -0.02 -0.25 -0.78
1.36 -0.02 0.15 -1.35
0.00 -0.16 -0.14 -1.03
0.00 -0.08 0.06 -0.43
0.00 -0.18 -0.03 -0.76
1.26 0.05 -0.12 -1.26
0.00 0.05 0.13 -0.54
0.00 0.05 0.03 -0.76
1.51 0.04 -0.07 -1.51
0.00 -0.06 0.00 -1.08
0.00 0.06 -0.06 -0.56
0.00 -0.01 -0.02 -1.04
1.20 -0.04 0.01 -1.20
0.00 0.03 0.11 -0.68
0.00 -0.20 0.11 -0.15
0.00 -0.07 -0.07 -0.49
1.42 -0.11 -0.00 -1.41
1.28 0.16 -0.12 -1.26
0.00 0.24 -0.14 -0.65
1.34 0.43 -0.02 -1.26
1.95 0.46 0.01 -1.89
1.84 0.21 -0.04 -1.83
1.15 0.31 -0.02 -1.11
0.00 0.27 -0.02 -0.59
0.00 0.41 0.02 -0.76
0.00 -0.12 -0.08 -0.76
1.19 -0.22 0.13 -1.16
0.00 0.08 -0.06 -0.81
0.00 -0.18 0.27 -0.52
0.00 -0.02 -0.15 -0.71
1.20 0.00 -0.08 -1.20
0.00 -0.08 -0.15 -0.69
0.00 0.04 0.12 -0.84
1.64 0.05 -0.21 -1.62
0.00 0.00 0.06 -0.91
0.00 0.01 -0.20 -0.56
1.20 0.02 0.13 -1.20
1.14 -0.06 -0.01 -1.14
0.00 -0.08 0.14 -0.96
0.00 -0.14 0.02 -0.18
0.00 -0.09 -0.09 -0.36
1.37 -0.02 -0.10 -1.37
1.35 0.06 -0.01 -1.35
0.00 0.27 -0.13 -0.45
1.31 0.45 0.04 -1.23
1.95 0.45 0.13 -1.90
1.98 0.30 0.03 -1.96
1.31 0.28 -0.07 -1.28
0.00 0.28 -0.06 -0.44
0.00 0.40 -0.15 -0.57
0.00 -0.25 -0.16 -0.96
1.32 -0.24 0.18 -1.28
0.00 -0.09 -0.10 -1.02
0.00 0.01 -0.03 -0.63
0.00 -0.05 0.13 -0.44
1.37 0.01 -0.01 -1.37
0.00 0.01 -0.10 -0.70
0.00 -0.02 0.00 -0.46
1.66 0.11 -0.01 -1.66
0.00 -0.02 0.03 -0.97
0.00 0.04 -0.08 -0.38
1.31 0.02 0.01 -1.31
1.27 -0.04 -0.06 -1.27
0.00 -0.05 0.05 -0.90
0.00 -0.17 0.02 -0.66
0.00 -0.11 -0.15 -0.39
0.00 -0.06 -0.11 -0.80
1.45 0.15 0.02 -1.44
0.00 0.19 -0.07 -0.65
0.00 0.43 -0.09 -0.92
2.06 0.51 0.18 -1.99
1.61 0.27 0.05 -1.59
1.38 0.37 -0.04 -1.33
0.00 0.23 -0.02 -0.71
0.00 0.52 -0.04 -0.73
0.00 -0.24 -0.08 -0.88
0.00 -0.14 0.14 -0.94
0.00 -0.42 -0.14 -1.00
0.00 0.07 0.03 -0.57
0.00 -0.11 -0.06 -0.58
1.19 0.02 0.03 -1.19
0.00 0.07 -0.12 -0.93
0.00 -0.03 0.10 -0.57
1.14 0.09 -0.01 -1.14
1.23 -0.05 -0.06 -1.23
0.00 0.09 0.09 -0.74
0.00 0.00 -0.02 -0.96
1.15 -0.06 -0.09 -1.14
0.00 -0.07 -0.04 -1.02
0.00 -0.21 0.00 -0.68
0.00 -0.06 -0.17 -0.37
0.00 -0.10 -0.10 -0.80
1.29 0.10 0.13 -1.28
0.00 0.22 0.09 -0.74
0.00 0.34 -0.02 -0.84
1.77 0.49 0.16 -1.70
1.75 0.21 0.02 -1.73
1.52 0.38 0.04 -1.47
0.00 0.23 0.14 -0.92
0.00 0.43 -0.08 -0.69
0.00 0.03 -0.11 -0.72
0.00 -0.36 0.09 -0.96
1.26 0.20 -0.14 -1.24
0.00 -0.20 -0.12 -0.79
0.00 -0.03 0.06 -0.59
0.00 -0.06 0.04 -0.96
0.00 0.01 -0.25 -0.71
0.00 0.04 0.13 -0.74
1.32 0.05 0.03 -1.31
1.20 -0.04 0.14 -1.20
0.00 0.04 0.15 -0.80
0.00 0.13 -0.09 -0.91
1.20 -0.08 -0.19 -1.18
1.17 -0.02 0.03 -1.17
0.00 -0.13 -0.05 -0.73
0.00 -0.05 -0.09 0.06
0.00 -0.15 -0.05 -0.67
1.41 -0.13 0.06 -1.41
0.00 0.10 -0.24 -0.97
0.00 0.11 -0.12 -0.70
1.49 0.50 -0.12 -1.40
1.71 0.50 0.07 -1.64
1.86 0.39 0.05 -1.82
1.23 0.28 0.04 -1.20
0.00 0.31 -0.14 -0.46
0.00 0.43 -0.21 -0.81
0.00 -0.58 0.19 -0.80
1.18 0.03 -0.09 -1.18
1.17 -0.33 -0.21 -1.10
0.00 0.00 0.04 -0.54
0.00 -0.17 0.10 -0.95
0.00 0.13 -0.11 -0.97
0.00 -0.05 0.20 -0.94
0.00 0.01 0.00 -0.88
1.30 0.13 0.16 -1.28
0.00 -0.01 -0.10 -0.84
0.00 0.17 -0.18 -0.43
1.30 -0.14 -0.28 -1.26
1.28 0.08 -0.16 -1.27
0.00 0.06 -0.21 -0.70
0.00 -0.11 -0.13 -0.90
1.19 -0.10 -0.18 -1.17
0.00 -0.36 0.11 -0.30
0.00 -0.06 -0.30 -0.44
1.26 -0.15 -0.08 -1.25
1.22 0.34 -0.27 -1.14
1.20 0.49 0.15 -1.08
1.37 0.51 -0.37 -1.22
1.89 0.37 0.03 -1.85
2.16 0.34 0.15 -2.13
0.00 0.40 0.25 -0.48
0.00 0.53 -0.14 -0.56
1.18 0.09 -0.07 -1.18
0.00 -0.04 -0.03 -0.66
0.00 -0.47 -0.03 -0.96
0.00 0.06 0.08 -0.87
0.00 -0.11 -0.05 -0.54
0.00 0.07 0.03 -0.67
1.37 -0.01 0.20 -1.36
0.00 0.02 -0.15 -0.81
1.19 0.18 0.13 -1.17
0.00 -0.11 -0.18 -1.04
0.00 0.12 0.12 -0.52
0.00 0.02 -0.11 -1.02
1.50 -0.02 -0.04 -1.50
0.00 0.11 -0.16 -0.46
0.00 -0.11 0.09 -0.82
1.32 0.20 -0.17 -1.30
0.00 -0.07 0.08 -0.84
0.00 -0.15 0.04 -0.83
1.13 -0.18 -0.24 1.09
0.00 -0.30 0.02 -0.50
2.03 0.08 0.38 -1.99
1.14 0.39 -0.11 -1.07
0.00 0.50 -0.07 -0.27
1.74 0.82 0.50 -1.44
2.53 0.21 0.50 -2.48
2.19 0.43 0.30 -2.13
0.00 0.50 0.00 0.11
0.00 0.51 -0.33 -0.17
1.98 -0.93 0.14 -1.74
1.10 -0.16 -0.29 -1.05
0.00 -0.16 -0.29 -0.31
0.00 0.13 0.18 -1.01
0.00 -0.23 0.41 -0.72
0.00 0.23 -0.06 -0.95
1.39 -0.08 -0.25 -1.36
1.35 0.06 0.10 -1.35
1.89 0.08 0.13 -1.88
0.00 0.04 -0.01 -0.73
0.00 0.03 -0.11 -0.17
1.56 -0.15 0.03 -1.56
1.30 0.29 -0.09 -1.26
0.00 -0.11 -0.02 -0.20
1.16 0.02 -0.22 -1.14
1.45 -0.08 -0.04 -1.45
0.00 -0.38 0.01 -0.55
0.00 -0.13 -0.02 0.39
0.00 -0.15 -0.20 -0.71
1.68 0.07 0.11 -1.67
1.40 0.39 -0.39 -1.29
0.00 0.54 -0.12 -0.63
1.60 0.63 -0.11 -1.46
2.43 0.26 0.02 -2.41
1.81 0.42 0.06 -1.76
0.00 0.36 0.09 0.02
0.00 0.47 -0.42 -0.64
1.61 -0.46 -0.03 -1.55
0.00 -0.01 0.01 -0.72
0.00 -0.41 -0.34 -0.67
0.00 -0.10 0.10 -0.99
0.00 -0.13 0.07 -0.70
0.00 0.19 0.07 -0.68
1.31 -0.09 0.12 -1.30
0.00 0.03 -0.01 -0.86
0.00 0.20 0.10 -0.96
0.00 -0.10 -0.14 -0.97
0.00 0.13 -0.21 -0.53
1.31 -0.08 -0.18 -1.30
1.57 0.10 -0.09 -1.56
0.00 0.01 -0.07 -0.54
0.00 -0.06 -0.11 -0.89
1.34 0.17 -0.21 -1.31
1.12 -0.34 0.04 -1.07
0.00 -0.09 0.22 -0.13
0.00 -0.28 -0.13 -0.18
0.00 -0.10 -0.65 -0.53
2.28 0.03 0.27 -2.26
1.40 0.42 -0.19 -1.32
1.30 0.69 -0.22 -1.07
2.13 0.52 -0.11 -2.06
2.61 0.41 -0.04 -2.58
0.00 0.46 0.01 -0.63
0.00 0.37 -0.12 0.06
1.51 -0.48 -0.04 -1.43
1.16 0.42 -0.27 -1.05
0.00 -0.56 -0.26 -0.37
1.14 -0.06 0.19 -1.12
0.00 -0.16 -0.31 -0.83
0.00 0.04 -0.38 0.62
0.00 0.01 0.04 -0.94
2.09 0.09 0.08 -2.08
0.00 0.09 0.36 -0.84
0.00 -0.21 -0.27 -0.72
0.00 0.22 -0.05 -1.00
1.31 -0.13 0.09 -1.30
1.76 0.12 0.15 -1.75
0.00 0.02 -0.30 -0.63
0.00 -0.06 -0.24 -0.58
1.74 0.07 -0.29 -1.71
1.13 -0.15 -0.00 -1.12
0.00 0.15 -0.17 -0.63
1.29 -0.01 -0.19 -1.27
0.00 -0.11 -0.19 -1.02
0.00 -0.19 0.13 -0.91
0.00 -0.33 -0.07 0.94
0.00 0.09 -0.89 0.09
3.68 0.31 0.68 -3.60
2.04 0.75 0.08 -1.90
